<?xml version="1.0"?>
<opencv_storage>
<MatrixLeft type_id="opencv-matrix">
  <rows>3</rows>
  <cols>3</cols>
  <dt>f</dt>
  <data>
    6.08720764e+02 0. 3.22238342e+02 0. 6.08529724e+02 2.41967377e+02 0.
    0. 1.</data></MatrixLeft>
<DistCoeffsLeft type_id="opencv-matrix">
  <rows>1</rows>
  <cols>5</cols>
  <dt>f</dt>
  <data>
    0. 0. 0. 0. 0.</data></DistCoeffsLeft>
<MatrixRight type_id="opencv-matrix">
  <rows>3</rows>
  <cols>3</cols>
  <dt>f</dt>
  <data>
    3.85765167e+02 0. 3.15504974e+02 0. 3.85765167e+02 2.34075653e+02 0.
    0. 1.</data></MatrixRight>
<DistCoeffsRight type_id="opencv-matrix">
  <rows>1</rows>
  <cols>5</cols>
  <dt>f</dt>
  <data>
    0. 0. 0. 0. 0.</data></DistCoeffsRight>
<Rotation type_id="opencv-matrix">
  <rows>3</rows>
  <cols>3</cols>
  <dt>f</dt>
  <data>
    9.99945819e-01 -6.31668698e-03 -8.27135704e-03 6.34654332e-03
    9.99973416e-01 3.58836213e-03 8.24847072e-03 -3.64066241e-03
    9.99959350e-01</data></Rotation>
<Translation type_id="opencv-matrix">
  <rows>3</rows>
  <cols>1</cols>
  <dt>f</dt>
  <data>
    1.47766005e-02 -2.86396331e-04 6.74278126e-05</data></Translation>
<DisparityToDepthScale>1.0000000474974513e-03</DisparityToDepthScale>
</opencv_storage>
