<?xml version="1.0"?>
<opencv_storage>
<points>
  -2.46125441e-02 8.25019628e-02 7.65616000e-02 -5.83720207e-02
  7.15200827e-02 7.48459399e-02 -2.87417509e-02 8.18681717e-02
  6.07281551e-03 -3.81410047e-02 7.79589117e-02 3.98726761e-03
  -3.34729850e-02 7.96917826e-02 2.97467411e-03 -2.50170026e-02
  8.57567042e-02 -5.69336116e-04 -2.88328100e-02 8.43405351e-02
  -8.45655799e-04 4.29529361e-02 1.00216880e-01 -1.12988465e-02
  5.75418510e-02 1.05404109e-01 -1.43527389e-02 6.56612068e-02
  1.00216880e-01 -1.12988465e-02 6.07602261e-02 9.19207782e-02
  -1.09309740e-02 -5.37546240e-02 6.76092356e-02 1.43181533e-03
  -4.64884900e-02 7.10446984e-02 -6.36372715e-04 -3.72879356e-02
  7.61978701e-02 -3.73864546e-03 -4.43969071e-02 6.30078316e-02
  -3.37876379e-03 5.83339222e-02 5.34349047e-02 3.90542671e-04
  -9.76344645e-02 5.71567900e-02 -3.00956331e-03 -4.15310934e-02
  5.97050115e-02 -4.60102409e-03 -3.88512388e-02 6.22532889e-02
  -6.19251654e-03 5.77703677e-02 4.89905961e-02 1.02261640e-03
  -9.85560715e-02 5.45071550e-02 -6.78138807e-03 1.14010110e-01
  2.61517242e-02 -1.75173394e-04 -7.61419982e-02 1.74476244e-02
  -9.08630714e-03 -1.02712318e-01 2.29960978e-02 -1.51052410e-02
  8.83009285e-02 2.36068573e-03 -2.72839959e-03 9.99355465e-02
  1.05691969e-03 -2.84470432e-03 5.65639697e-03 2.34019924e-02
  -1.97464637e-02 9.52560157e-02 -1.06040761e-03 -2.37939064e-03
  -1.14250958e-01 1.38464756e-02 -1.94316600e-02 -7.31671378e-02
  1.20911840e-03 -1.13263521e-02 -6.63331300e-02 1.20911840e-03
  -1.13263521e-02 -6.35178536e-02 -1.70566305e-03 -1.02565950e-02
  1.12205237e-01 7.17920717e-04 -1.20255854e-02 -6.95587844e-02
  -1.38712628e-03 -1.15427896e-02 2.78359428e-02 -5.90626383e-03
  -9.27759428e-03 -2.19010729e-02 -3.17075546e-03 -1.23421932e-02
  1.19086415e-01 -3.17075546e-03 -1.23421932e-02 -7.22469389e-02
  -8.48356728e-03 -9.46717337e-03 1.21086463e-01 -5.26725221e-03
  -1.18473312e-02 4.97620292e-02 -1.84173323e-02 -6.21153694e-03
  4.32342924e-02 -2.50894651e-02 -5.27149253e-03 5.99865951e-02
  -2.71482002e-02 -4.72282618e-03 3.90121602e-02 -3.51418443e-02
  -5.66399004e-03 4.77672927e-02 -4.21473980e-02 -5.19863516e-03
  2.96500698e-02 -4.94280644e-02 -3.38521414e-03 -4.43090126e-02
  -6.41700402e-02 1.72416680e-03 -4.58170921e-02 -6.46036193e-02
  1.10695697e-03 -4.71465774e-02 -6.82145506e-02 1.18567050e-03
  -4.56483513e-02 -6.82145506e-02 1.18567050e-03 2.59620138e-02
  -7.26643279e-02 7.03260303e-05 2.25108266e-02 -7.86069930e-02
  3.09091061e-04 2.78753936e-02 -7.70857409e-02 -1.00469962e-03
  -4.53108735e-02 -7.79358894e-02 -2.21491233e-03 2.47187354e-02
  -7.94533640e-02 -8.95742327e-04 -3.39376032e-02 -8.51810873e-02
  3.12833115e-03 -4.52546254e-02 -7.95428753e-02 -2.76285410e-03
  -3.61840799e-02 -8.49208906e-02 1.93938613e-05 -4.21054736e-02
  -8.38313252e-02 -1.90890953e-03 -4.68557179e-02 -9.25022513e-02
  -3.81420553e-03 -4.59559374e-02 -9.63833481e-02 -4.12007421e-03
  2.62379386e-02 -1.05139703e-01 -2.66769156e-03 2.75328457e-02
  -1.06680587e-01 -3.12148780e-03 2.96372585e-02 -1.06680587e-01
  -3.12148780e-03 -4.00403291e-02 -1.03427231e-01 -7.18855485e-03
  -4.29849923e-02 -1.02374509e-01 -9.16930661e-03 2.68313736e-02
  -1.07487291e-01 -4.26984578e-03 3.23203281e-02 -1.08620077e-01
  -4.14276868e-03 2.54284292e-02 -1.08697332e-01 -5.99237904e-03
  3.48608606e-02 -1.12081558e-01 -5.59094548e-03 3.76470312e-02
  -1.12482078e-01 -6.16108999e-03 -3.79112735e-02 -1.07099876e-01
  -1.24166682e-02 -8.14818069e-02 -1.09673634e-01 -1.08614974e-02
  4.23753671e-02 -1.14005014e-01 -6.58934191e-03 6.72536939e-02
  -1.17288381e-01 -4.30467725e-03 7.32031018e-02 -1.15846470e-01
  -5.73142245e-03 5.26267700e-02 -1.15524158e-01 -7.01223314e-03
  6.38120621e-02 -1.17684171e-01 -4.86809760e-03 -4.03186679e-02
  -1.04831524e-01 -1.96256116e-02 6.36120290e-02 -1.19193882e-01
  -5.27752563e-03 6.79420233e-02 -1.18475758e-01 -5.99494204e-03
  6.95318580e-02 -1.17757648e-01 -6.71233237e-03 6.17470630e-02
  -1.18871547e-01 -6.55835494e-03 2.85731964e-02 -1.11795023e-01
  -1.56209990e-02 -5.56972176e-02 -9.29436386e-02 -4.09754515e-02
  6.31237328e-02 -1.22433677e-01 -1.16291456e-02 6.81519061e-02
  -1.21725015e-01 -1.23599842e-02 -1.16915712e-02 -1.19512498e-01
  -2.66070291e-02 2.69971788e-04 -1.20615065e-01 -2.64369212e-02
  -1.09432423e-02 -1.18933976e-01 -2.92628072e-02 -2.06753612e-04
  -1.20412797e-01 -3.48472968e-02 -9.40262061e-03 -1.19171895e-01
  -3.82998064e-02 -1.59037299e-03 -1.20545775e-01 -3.67762744e-02</points>
